458 [0, 72]
119 [1]
474 [2]
377 [3]
237 [4]
78 [5]
475 [6]
161 [7]
301 [8]
200 [9]
388 [10]
278 [11]
210 [12]
152 [13]
91 [14]
338 [15]
187 [16]
190 [17]
139 [18]
245 [19]
437 [20]
244 [21]
459 [22]
503 [23]
186 [24]
171 [25]
376 [26]
424 [27]
229 [28]
232 [29]
308 [30, 64]
224 [31]
175 [32]
83 [33]
502 [34, 63]
254 [35, 84]
380 [36]
336 [37, 48]
275 [38]
392 [39]
202 [40]
189 [41]
261 [42]
154 [43]
241 [44, 66, 82]
67 [45, 53]
206 [46]
101 [47]
469 [49]
477 [50]
194 [51]
335 [52]
165 [54]
197 [55, 86]
273 [56]
411 [57]
351 [58]
498 [59]
489 [60]
441 [61]
494 [62, 85]
396 [65]
313 [67]
81 [68]
240 [69]
220 [70, 83]
430 [71, 78]
298 [73]
406 [74]
201 [75]
248 [76, 81]
170 [77]
457 [79]
355 [80]
472 [87]
185 [88]
410 [89]
218 [90]
71 [91]
268 [92]
467 [93]
353 [94]
334 [95]
492 [96]
426 [97]
451 [98]
156 [99]
