51 [0, 45]
18 [1, 80, 84, 97]
58 [2, 56]
54 [3, 9, 23, 25, 36, 60]
40 [4, 55, 70]
17 [5, 21, 39, 58, 75]
61 [6, 34, 40]
64 [7]
55 [8]
48 [10, 78]
30 [11, 46, 66]
44 [12, 29, 32, 83, 90]
21 [13, 61]
49 [14]
42 [15, 33, 37]
63 [16, 99]
19 [17, 22, 27]
26 [18, 48, 52, 71]
45 [19, 88]
22 [20, 86]
46 [24, 64, 81]
41 [26, 74]
39 [28, 65]
37 [30]
25 [31, 42, 87, 95]
62 [35]
31 [38]
57 [41]
53 [43, 54, 94]
50 [44, 63, 68, 93]
43 [47]
34 [49, 98]
59 [50]
16 [51]
32 [53]
15 [57, 82, 91]
36 [59]
29 [62, 72]
33 [67]
52 [69, 85]
28 [73]
38 [76]
27 [77]
23 [79]
24 [89]
56 [92]
35 [96]
