51 [0, 6, 80]
113 [1, 64]
35 [2]
228 [3, 47]
240 [4]
174 [5, 54]
87 [7]
66 [8]
180 [9]
114 [10, 97]
76 [11]
30 [12, 63]
107 [13, 74]
137 [14, 66]
46 [15]
148 [16]
244 [17]
55 [18]
191 [19]
223 [20, 92]
227 [21]
98 [22, 33]
159 [23]
165 [24]
52 [25]
171 [26, 48]
199 [27]
47 [28, 41, 46, 93]
212 [29]
131 [30]
162 [31]
163 [32]
71 [34, 52]
120 [35, 43, 94]
38 [36]
54 [37]
193 [38]
117 [39, 95]
222 [40]
91 [42]
34 [44]
39 [45]
127 [49, 98]
247 [50]
33 [51, 56, 73]
140 [53]
200 [55]
143 [57, 88]
75 [58]
50 [59]
250 [60]
135 [61]
182 [62]
25 [65, 82]
100 [67]
198 [68]
73 [69]
41 [70]
105 [71]
185 [72]
110 [75]
63 [76]
43 [77]
172 [78]
102 [79, 86]
60 [81]
208 [83]
17 [84]
164 [85]
144 [87]
112 [89]
121 [90]
138 [91]
62 [96]
197 [99]
